1000
909389073
461034212
481002708
1084066048
646807588
332910402
1030225979
1994866939
1213946809
1709372363
385075375
1593599214
205944314
1709930081
1168707213
1576693429
1685740870
495047219
906961255
458886379
889595476
650014718
548053137
571711576
914621154
349790052
1258662125
1620411925
23095868
1063670525
1456636047
368466129
1614875802
1319273428
259849121
1449922296
1347086363
1707896267
1346133667
728320124
219536168
367470030
53309085
51067952
891567620
1583584221
1535165076
1650897274
1141764878
1875918601
1356505400
1099861248
1976245407
1774470947
1427800340
1058042802
1360776054
9782675
647135062
1541798626
1471822480
56291567
1199561889
460190387
1331221462
1354477388
1374801916
1519244139
355681343
1489342200
304965968
1667042434
1910529476
1093413188
977883337
592894468
453201596
1982211710
1118394059
72071069
1703636931
626433866
1509148268
325585559
328157557
606055003
451497700
1262119049
1738875124
169257045
1434806687
702116246
45106257
39134008
595276474
1832870792
1553968576
1225665
710872341
1179906926
831708884
560155065
105352654
574004159
791357989
987495252
1079076348
536781921
114945200
1296177747
785278661
1891444612
309167343
1412591708
997118771
1760286656
1403106320
489992533
1852199533
142087866
1654905554
1936933781
341452394
714081174
1423671982
392206600
1189013557
1415517164
773133882
1785090424
1668207578
18268214
91194824
994040166
1557779949
1634462266
1943975885
586493737
250298029
1985992577
238916318
1819620383
45160154
944980887
1652198244
1532331198
1266549962
1047302270
1233281078
242917102
341320367
642587032
264986061
1887126996
757439229
145546034
1794276661
1442470253
654651188
1163793135
590163069
1791218837
1589229813
1931349352
973234659
1919458261
835647393
182682771
1595200634
1351206490
87910405
41427699
490635465
1920539422
1826851144
1313476049
1607548030
567977303
429720606
326720181
70396688
41129366
1357477184
252765760
511474554
123273784
1126725489
364494377
1433632995
303227625
367999044
207029148
615382296
449004920
168154882
90622322
523460131
1701403605
1745629430
19728343
300252672
1907571501
770851244
75499204
1338243407
1260706418
1619106024
1549654231
356989601
2397936
1085878215
1039127299
1275496889
1094449069
1208066128
1657014558
875742010
1890529179
103354088
1343843749
896373944
759093103
24918941
1639287378
1435254683
1789134077
910406845
386859040
1506885811
955176406
1209594317
1571483317
18734366
1335876900
141528915
1412077176
939314035
898697148
1150477085
125610007
150962648
1051037829
1739795428
604420844
903474798
1991545696
1228390530
1799339099
627519839
433743656
1370128474
282115737
22782830
97408153
756288457
131873853
1786680823
480756160
1235301106
1981272993
373762969
444552508
498394043
1322457401
85792157
947255562
1227955323
927265991
270684458
1023321260
1911371644
215345235
797419450
1930738870
1450281920
948835990
20404955
934652321
6164889
120031523
321136037
706968948
90185
1515739295
1579310351
571192337
777705869
1317064641
1791471658
1543425066
890112149
743803241
598762300
289606258
1214434104
1309404840
1902215071
939645408
25632218
1303958526
560328847
731139434
359039104
88656505
1282185673
1843692113
891800628
1204782383
154203518
1833248744
1463756899
1937025108
1876385283
610095186
1782860324
694138877
1260935235
1169866049
1725897258
1093595177
1889088813
1517442843
146070529
433572382
639010003
275401774
850356333
435217946
378716740
98203119
670853646
748081572
1637711066
711982663
513735957
1475968359
1016603216
670355780
970382298
1224467168
283903375
2843638
134340788
298784428
853114710
1698103598
116986603
684773125
617047602
520515451
1602290726
255298502
129596408
578411198
1846018464
1336076239
1344335841
577029600
100337348
595144941
1769679308
351618606
1926398145
1510160843
164064408
61502508
733017749
1863108251
801317650
875793213
603614353
233682443
1900712785
1460528370
1362229380
666028993
1264517187
1242191197
1818915492
1082958999
1367987868
812172694
780407726
1630018653
274616192
531981541
1039337126
507091984
1479863792
62636237
46205385
770782637
922421355
451265792
1659408587
309998120
343075218
71596731
735415597
1361550294
137532473
254343048
1251150206
69124465
1572187384
1114570200
81498619
1800206394
171761375
575408057
764351558
209458952
650908831
543024799
1959780690
77362791
447295411
1501208177
20462236
311416932
566728385
913992250
517218759
29363104
1170407274
84847598
104437978
794956647
1340598142
34548270
832189200
42891489
1470233878
1273945164
784410758
189500773
221243310
1142118213
1371969005
1151149196
684361349
138779311
296639335
1307758658
4637961
640799235
282252940
33786357
911619291
1437086139
358160364
204575207
174185202
510479153
425954706
1457748291
1882081861
1863201164
215422794
100953563
1800409367
1435644939
1905715728
1793129138
1483404015
1433622082
119812834
1502123799
376935661
80895777
258175488
1238459876
1383629208
1703169140
1354205117
1093710513
1680057318
1608352870
1210021301
157868817
1158903274
10647828
716902495
1596973795
1087952359
1539527155
1949915029
1621439183
108351898
1590174186
623557187
405444549
340923112
408373188
170434904
1903730077
632547486
1181544552
438001655
67357316
1936485199
1392069308
1822009138
1538259793
124198365
1633772827
1093992847
130277562
727621750
1366866232
1288189265
1814331448
1348342783
1349710737
718593498
100373805
646351249
1253155417
1410967390
1614493556
1337315847
703591027
1209430407
964131594
1395583743
759576067
1552160301
1674318798
1797811345
720362125
1760916736
1255442645
1197702740
1425727849
585424917
1613993112
1516288127
66111540
887607281
1594159705
1036181963
1165358618
1131432086
11375217
57227536
1898007343
1087321263
1670114918
10160536
555393948
1542154174
1005066775
50920123
1116015755
754621387
30715774
282411847
557052659
1502822540
1383257413
1896861516
1156759697
490771188
54152236
1189521280
1358883037
258617014
69252770
142652363
404988398
1264327843
207370236
53081018
365429530
118363937
211305546
1621843131
307571346
358473893
1179089816
130926643
899307882
677665188
1413034675
1999614199
1544250690
1881472835
217235770
359386490
1484722066
111268769
1221901202
107385753
946087191
918496749
1062405807
1675357091
68532620
214983057
1152744745
1730949628
109431887
975722977
790945947
504756299
878711643
261543482
9760212
269599421
114457224
1123173212
790916954
17470948
1576447044
1839715469
628337977
1299287140
1505239284
1199284528
93551354
359577074
392900060
106577542
1833343952
916434108
755336872
1170970287
957472501
1145357336
124818091
1312089474
1925702122
549520517
1611647119
741889422
645461072
1324336107
1596432841
586073069
1770065541
400585696
282559327
888265372
1917276907
680852714
1298692982
109160366
707236824
207314823
1121754727
572759676
1350168678
1972756944
1125931775
56928708
609045950
1328220048
301836171
604151783
676333865
512325484
1392468765
93231996
873051618
1770267422
1646116016
240056611
1657172011
1374570934
1932096959
653363626
998575071
466516992
288289347
555947397
106553282
1987132623
72316617
97121364
1817150184
1478198501
1991377811
554230982
1323537435
1058054419
1556022973
22254045
361579737
1839402396
1808971007
1449724070
162985628
1257799871
13410829
57503715
1683254011
1648080946
1052380416
682335020
442006160
651596147
1357326576
16464398
1277703879
1680108000
312681597
347116570
1422606738
1816003515
1533485441
1338559240
126460708
1563792473
1755221725
28673236
874740524
90939506
1559404325
1018062287
1570641960
910432796
823017497
512901752
340386806
132096481
1233422325
469371784
1024138257
610254694
168743986
1401758662
1462224644
1954219087
945297991
539314231
1873290077
128575472
599409022
421644677
33534886
418586997
35231007
1569531724
1578049167
849309319
17922824
581192388
1344838560
436293245
1271397857
921494949
61029326
808655972
1804403188
1987801429
575520824
512142880
470926984
1392580893
1830283645
1021461887
725660691
619602324
508055165
488177683
1414786641
1380135703
969889074
1524785988
1155740665
543769540
1591740795
1183750886
1012635194
551803083
1320028235
60988488
683818197
1747441882
269354402
143906538
570597644
1520118853
24614012
1370839460
1494239204
1004533610
1827434203
375530427
85448056
1606400996
617129688
1900134853
337159834
1583469252
1750364740
1704927
737420678
701208309
1965278274
133460258
532102247
920559221
1366634359
1686067048
1682153571
332855042
99790459
140999753
546859539
1985746460
397395193
346866581
1516008909
1815745555
1492919015
290953557
236168280
730502304
388213429
647781617
1671030276
214713266
913334702
203227758
1149929976
1667767279
1208097509
36951378
419036063
1140232328
1888154515
847081886
1236162039
1418588395
851705771
1640385942
571467008
1099134072
492016610
1511123320
1308029818
267056787
182596879
151613790
1257363188
1264014236
1379028328
1685590272
111430280
202975776
1209835796
1335053576
1336307976
944172306
947279259
1626230802
1036713845
1514764804
233425643
1879642479
1666697183
402863213
53565547
66457492
1845528760
1695555699
96637403
687195089
520807257
64223227
1362985395
487471216
278614007
1151265189
486372053
1132334289
142315509
1747460652
584821792
67205825
99386100
1225862490
112760112
1078625730
1553179783
1628883596
525066016
774225389
802695750
415199796
1088602269
1725146290
1356977883
450948441
620657624
1064613089
118440019
51542211
272504045
1540348911
728782592
1549784903
405710258
511726981
70847079
459389824
761061003
739675889
97317587
820102851
918570311
151278694
67855657
1722167798
689586720
62243828
1893438263
1604204995
216162880
1654677083
244505331
1264881406
921168989
877586900
685340704
1566413267
705749896
986319691
648775444
1194411489
1944247114
850072246
103018678
1575173
704128847
1658636559
219425406
653376743
1219032490
1285067050
878871471
800289031
767662856
27869616
253201066
1385211555
380387758
118231587
695909234
950554276
834866699
93944242
106351905
188546540
1363318455
1790243342
226470877
955007255
514157107
111785468
1316126707
1060000449
50694478
1057041043
1704081717
1659501227
1866998600
1761903883
666553098
1483215334
409944162
803991158
712285582
1309928296
110005475
1464555414
325281184
1654977873
1004915567
1804534561
48303793
1678987541
808480007
994443080
1887104606
381130499
1864061339
1787482137
1063538676
1388133551
98250649
31216847
114011170
630321066
269325611
1807499848
346274874
161123948
33315169
